[gd_scene load_steps=16 format=3 uid="uid://jfyf77tcbqro"]

[ext_resource type="Script" uid="uid://l1g3sqkn5k7y" path="res://Scripts/main_3d.gd" id="1_50glp"]
[ext_resource type="PackedScene" uid="uid://c7y05pvvfpsu6" path="res://Scenes/3D/Grid/hex_grid.tscn" id="1_pbw6q"]
[ext_resource type="PackedScene" uid="uid://cu7u0kkwfe8mp" path="res://Scenes/Player Camera Scene.tscn" id="3_kln2b"]
[ext_resource type="Material" uid="uid://cdfkg2go0lk76" path="res://Assets/3D Assets/Floors/Ground.tres" id="4_v1gob"]
[ext_resource type="PackedScene" uid="uid://bl0uplexdc73f" path="res://Scenes/3D/Base/Base_Main.tscn" id="6_50glp"]
[ext_resource type="PackedScene" uid="uid://dcfnwcecgfqx7" path="res://Scenes/Main2D.tscn" id="6_jw32o"]
[ext_resource type="PackedScene" uid="uid://pdsy54p1w64h" path="res://Scenes/3D/Paths/Path_Example.tscn" id="6_v1gob"]

[sub_resource type="ProceduralSkyMaterial" id="ProceduralSkyMaterial_jw32o"]
sky_top_color = Color(0.296, 0.5648, 0.8, 1)
sky_horizon_color = Color(0.628236, 0.683513, 0.728686, 1)
ground_bottom_color = Color(0.14, 0.0923067, 0.0378, 1)
ground_horizon_color = Color(0.628236, 0.683513, 0.728686, 1)
energy_multiplier = 1.55

[sub_resource type="Sky" id="Sky_50glp"]
sky_material = SubResource("ProceduralSkyMaterial_jw32o")

[sub_resource type="Environment" id="Environment_vy5pj"]
background_mode = 2
sky = SubResource("Sky_50glp")
tonemap_mode = 2
glow_enabled = true

[sub_resource type="StandardMaterial3D" id="StandardMaterial3D_13ncr"]

[sub_resource type="ArrayMesh" id="ArrayMesh_13wbs"]
_surfaces = [{
"aabb": AABB(-4.1129, 0, -4.1129, 8.2258, 1e-05, 8.2258),
"format": 34896613377,
"index_count": 6,
"index_data": PackedByteArray(0, 0, 1, 0, 2, 0, 0, 0, 3, 0, 1, 0),
"primitive": 3,
"uv_scale": Vector4(0, 0, 0, 0),
"vertex_count": 4,
"vertex_data": PackedByteArray(0, 0, 0, 0, 255, 255, 0, 0, 255, 255, 0, 0, 0, 0, 0, 0, 255, 255, 0, 0, 255, 255, 0, 0, 0, 0, 0, 0, 0, 0, 0, 0)
}]
blend_shape_mode = 0

[sub_resource type="ArrayMesh" id="ArrayMesh_v1jeg"]
resource_name = "Ground_Plane"
_surfaces = [{
"aabb": AABB(-4.1129, 0, -4.1129, 8.2258, 1e-05, 8.2258),
"attribute_data": PackedByteArray(0, 0, 255, 255, 255, 255, 0, 0, 255, 255, 255, 255, 0, 0, 0, 0),
"format": 34896613399,
"index_count": 6,
"index_data": PackedByteArray(0, 0, 1, 0, 2, 0, 0, 0, 3, 0, 1, 0),
"material": SubResource("StandardMaterial3D_13ncr"),
"primitive": 3,
"uv_scale": Vector4(0, 0, 0, 0),
"vertex_count": 4,
"vertex_data": PackedByteArray(0, 0, 0, 0, 255, 255, 255, 191, 255, 255, 0, 0, 0, 0, 255, 191, 255, 255, 0, 0, 255, 255, 255, 191, 0, 0, 0, 0, 0, 0, 255, 191, 255, 255, 255, 127, 255, 255, 255, 127, 255, 255, 255, 127, 255, 255, 255, 127)
}]
blend_shape_mode = 0
shadow_mesh = SubResource("ArrayMesh_13wbs")

[sub_resource type="StandardMaterial3D" id="StandardMaterial3D_50glp"]
albedo_color = Color(0.68, 0.2822, 0.1496, 1)

[sub_resource type="GDScript" id="GDScript_pbw6q"]

[node name="Node3D" type="Node3D"]
script = ExtResource("1_50glp")

[node name="WorldEnvironment" type="WorldEnvironment" parent="."]
environment = SubResource("Environment_vy5pj")

[node name="Player Base" type="Node" parent="."]

[node name="Hex_Grid" parent="Player Base" instance=ExtResource("1_pbw6q")]
transform = Transform3D(1, 0, 0, 0, 1, 0, 0, 0, 1, -47.2689, 0, 60.1737)
top_level = true

[node name="Node3D" type="Node3D" parent="Player Base"]
transform = Transform3D(6, 0, 0, 0, 6, 0, 0, 0, 6, 0, -0.2, 88.7276)

[node name="Ground" type="MeshInstance3D" parent="Player Base/Node3D"]
transform = Transform3D(2, 0, 0, 0, 2, 0, 0, 0, 2, 0.00803852, 0.00984049, 3.17341)
mesh = SubResource("ArrayMesh_v1jeg")
skeleton = NodePath("")
surface_material_override/0 = ExtResource("4_v1gob")

[node name="Path" parent="Player Base" instance=ExtResource("6_v1gob")]
transform = Transform3D(0.861211, 0, -0.508247, 0, 1, 0, 0.508247, 0, 0.861211, 14.0076, -0.147735, 121.851)

[node name="Path2" parent="Player Base" instance=ExtResource("6_v1gob")]
transform = Transform3D(0.999288, 0, 0.037725, 0, 1, 0, -0.037725, 0, 0.999288, 1.14678, -0.129886, 119.499)

[node name="Path3" parent="Player Base" instance=ExtResource("6_v1gob")]
transform = Transform3D(0.902841, 0, 0.429976, 0, 1, 0, -0.429976, 0, 0.902841, -14.4368, -0.188614, 119.95)

[node name="Node3D2" parent="Player Base" instance=ExtResource("6_50glp")]
transform = Transform3D(2.98023e-08, 0, 1, 0, 1, 0, -1, 0, 2.98023e-08, 0, 1.7521, 138.315)

[node name="Enemy Base" type="Node" parent="."]

[node name="Hex_Grid" parent="Enemy Base" instance=ExtResource("1_pbw6q")]
transform = Transform3D(-1, 0, 8.74228e-08, 0, 1, 0, -8.74228e-08, 0, -1, -46.4345, 0, -153.652)
top_level = true
is_enemy_grid = true

[node name="Node3D" type="Node3D" parent="Enemy Base"]
transform = Transform3D(-6, 0, 5.24537e-07, 0, 6, 0, -5.24537e-07, 0, -6, -0.474865, -0.2, -87.6718)

[node name="Ground" type="MeshInstance3D" parent="Enemy Base/Node3D"]
transform = Transform3D(2, 0, 0, 0, 2, 0, 0, 0, 2, 0.00803865, 0.00984049, 2.94984)
mesh = SubResource("ArrayMesh_v1jeg")
skeleton = NodePath("")
surface_material_override/0 = SubResource("StandardMaterial3D_50glp")

[node name="Path4" parent="Enemy Base" instance=ExtResource("6_v1gob")]
transform = Transform3D(-0.830732, 0, 0.556673, 0, 1, 0, -0.556673, 0, -0.830732, -11.8331, -0.553056, -111.092)

[node name="Path5" parent="Enemy Base" instance=ExtResource("6_v1gob")]
transform = Transform3D(-0.798918, 0, -0.601439, 0, 1, 0, 0.601439, 0, -0.798918, 10.5367, -0.553056, -113.271)

[node name="Path6" parent="Enemy Base" instance=ExtResource("6_v1gob")]
transform = Transform3D(-0.998392, 0, -0.0566929, 0, 1, 0, 0.0566929, 0, -0.998392, -0.0110452, -0.298096, -112.619)

[node name="Node3D3" parent="Enemy Base" instance=ExtResource("6_50glp")]
transform = Transform3D(-1.17225e-07, 0, -1, 0, 1, 0, 1, 0, -1.17225e-07, 0.0153446, 1.75385, -131.933)

[node name="Main2D" parent="." instance=ExtResource("6_jw32o")]

[node name="DirectionalLight3D" type="DirectionalLight3D" parent="."]
transform = Transform3D(-0.261995, 0.793587, -0.549162, 0.273039, 0.606743, 0.746534, 0.925639, 0.0456456, -0.375644, 0, 5.76364, 25.1075)
shadow_enabled = true

[node name="Player" parent="." instance=ExtResource("3_kln2b")]
transform = Transform3D(-1, 0, -8.74228e-08, 0, 1, 0, 8.74228e-08, 0, -1, 4.19554e-06, 12.845, 117.851)

[node name="GameManager" type="Node" parent="."]
script = SubResource("GDScript_pbw6q")

[editable path="Enemy Base/Path4"]
[editable path="Enemy Base/Path5"]
[editable path="Enemy Base/Path6"]
